SecurityID,ExchangeID,BuyTriggerVolume,CancelVolume,Position,MaxTriggerTimes,LowerTimeLimit,ScoutBuyTriggerCashLim,ScoutMonitorDuration,Cond2Percent,Cond2HighTime,Cond2TrackDuration,CancelTriggerVolumeLarge,Cond4LowTime,Cond4HighTime
600895,1,10000,55000,10,3,0,7000,600000000000,-0.35,180000000000,3000000000,80000,4000000000,600000000000
600895,1,20000,50000,10,3,0,14000,600000000000,-0.35,180000000000,3000000000,70000,4000000000,600000000000
600895,1,30000,45000,10,3,0,20000,600000000000,-0.35,180000000000,3000000000,65000,4000000000,600000000000
002611,2,3000,18000,10,3,0,1000,600000000000,-0.35,180000000000,3000000000,35000,4000000000,600000000000
002611,2,7000,15000,10,3,0,4000,600000000000,-0.35,180000000000,3000000000,33000,4000000000,600000000000
002611,2,10000,13000,10,3,0,8000,600000000000,-0.35,180000000000,3000000000,30000,4000000000,600000000000
002049,2,10000,55000,10,3,0,7000,600000000000,-0.35,180000000000,3000000000,80000,4000000000,600000000000
002049,2,20000,50000,10,3,0,14000,600000000000,-0.35,180000000000,3000000000,70000,4000000000,600000000000
002049,2,30000,45000,10,3,0,20000,600000000000,-0.35,180000000000,3000000000,65000,4000000000,600000000000
000723,2,10000,55000,10,3,0,7000,600000000000,-0.35,180000000000,3000000000,80000,4000000000,600000000000
000723,2,20000,50000,10,3,0,14000,600000000000,-0.35,180000000000,3000000000,70000,4000000000,600000000000
000723,2,30000,45000,10,3,0,20000,600000000000,-0.35,180000000000,3000000000,65000,4000000000,600000000000
601127,1,10000,55000,10,3,0,7000,600000000000,-0.35,180000000000,3000000000,80000,4000000000,600000000000
601127,1,20000,50000,10,3,0,14000,600000000000,-0.35,180000000000,3000000000,70000,4000000000,600000000000
601127,1,30000,45000,10,3,0,20000,600000000000,-0.35,180000000000,3000000000,65000,4000000000,600000000000
000938,2,10000,55000,10,3,0,7000,600000000000,-0.35,180000000000,3000000000,80000,4000000000,600000000000
000938,2,20000,50000,10,3,0,14000,600000000000,-0.35,180000000000,3000000000,70000,4000000000,600000000000
000938,2,30000,45000,10,3,0,20000,600000000000,-0.35,180000000000,3000000000,65000,4000000000,600000000000
000063,2,10000,55000,10,3,0,7000,600000000000,-0.35,180000000000,3000000000,80000,4000000000,600000000000
000063,2,20000,50000,10,3,0,14000,600000000000,-0.35,180000000000,3000000000,70000,4000000000,600000000000
000063,2,30000,45000,10,3,0,20000,600000000000,-0.35,180000000000,3000000000,65000,4000000000,600000000000
000628,2,10000,55000,10,3,0,7000,600000000000,-0.35,180000000000,3000000000,80000,4000000000,600000000000
000628,2,20000,50000,10,3,0,14000,600000000000,-0.35,180000000000,3000000000,70000,4000000000,600000000000
000628,2,30000,45000,10,3,0,20000,600000000000,-0.35,180000000000,3000000000,65000,4000000000,600000000000
603019,1,10000,55000,10,3,0,7000,600000000000,-0.35,180000000000,3000000000,80000,4000000000,600000000000
603019,1,20000,50000,10,3,0,14000,600000000000,-0.35,180000000000,3000000000,70000,4000000000,600000000000
603019,1,30000,45000,10,3,0,20000,600000000000,-0.35,180000000000,3000000000,65000,4000000000,600000000000
002456,2,10000,55000,10,3,0,7000,600000000000,-0.35,180000000000,3000000000,80000,4000000000,600000000000
002456,2,20000,50000,10,3,0,14000,600000000000,-0.35,180000000000,3000000000,70000,4000000000,600000000000
002456,2,30000,45000,10,3,0,20000,600000000000,-0.35,180000000000,3000000000,65000,4000000000,600000000000
002639,2,3000,18000,10,3,0,1000,600000000000,-0.35,180000000000,3000000000,35000,4000000000,600000000000
002639,2,7000,15000,10,3,0,4000,600000000000,-0.35,180000000000,3000000000,33000,4000000000,600000000000
002639,2,10000,13000,10,3,0,8000,600000000000,-0.35,180000000000,3000000000,30000,4000000000,600000000000
603220,1,3000,18000,10,3,0,1000,600000000000,-0.35,180000000000,3000000000,35000,4000000000,600000000000
603220,1,7000,15000,10,3,0,4000,600000000000,-0.35,180000000000,3000000000,33000,4000000000,600000000000
603220,1,10000,13000,10,3,0,8000,600000000000,-0.35,180000000000,3000000000,30000,4000000000,600000000000
603960,1,3000,18000,10,3,0,1000,600000000000,-0.35,180000000000,3000000000,35000,4000000000,600000000000
603960,1,7000,15000,10,3,0,4000,600000000000,-0.35,180000000000,3000000000,33000,4000000000,600000000000
603960,1,10000,13000,10,3,0,8000,600000000000,-0.35,180000000000,3000000000,30000,4000000000,600000000000
300735,2,3000,18000,10,3,0,1000,600000000000,-0.35,180000000000,3000000000,35000,4000000000,600000000000
300735,2,7000,15000,10,3,0,4000,600000000000,-0.35,180000000000,3000000000,33000,4000000000,600000000000
300735,2,10000,13000,10,3,0,8000,600000000000,-0.35,180000000000,3000000000,30000,4000000000,600000000000
600571,1,3000,18000,10,3,0,1000,600000000000,-0.35,180000000000,3000000000,35000,4000000000,600000000000
600571,1,7000,15000,10,3,0,4000,600000000000,-0.35,180000000000,3000000000,33000,4000000000,600000000000
600571,1,10000,13000,10,3,0,8000,600000000000,-0.35,180000000000,3000000000,30000,4000000000,600000000000
000572,2,3000,18000,10,3,0,1000,600000000000,-0.35,180000000000,3000000000,35000,4000000000,600000000000
000572,2,7000,15000,10,3,0,4000,600000000000,-0.35,180000000000,3000000000,33000,4000000000,600000000000
000572,2,10000,13000,10,3,0,8000,600000000000,-0.35,180000000000,3000000000,30000,4000000000,600000000000
002281,2,10000,55000,10,3,0,7000,600000000000,-0.35,180000000000,3000000000,80000,4000000000,600000000000
002281,2,20000,50000,10,3,0,14000,600000000000,-0.35,180000000000,3000000000,70000,4000000000,600000000000
002281,2,30000,45000,10,3,0,20000,600000000000,-0.35,180000000000,3000000000,65000,4000000000,600000000000
000670,2,3000,18000,10,3,0,1000,600000000000,-0.35,180000000000,3000000000,35000,4000000000,600000000000
000670,2,7000,15000,10,3,0,4000,600000000000,-0.35,180000000000,3000000000,33000,4000000000,600000000000
000670,2,10000,13000,10,3,0,8000,600000000000,-0.35,180000000000,3000000000,30000,4000000000,600000000000
002400,2,3000,18000,10,3,0,1000,600000000000,-0.35,180000000000,3000000000,35000,4000000000,600000000000
002400,2,7000,15000,10,3,0,4000,600000000000,-0.35,180000000000,3000000000,33000,4000000000,600000000000
002400,2,10000,13000,10,3,0,8000,600000000000,-0.35,180000000000,3000000000,30000,4000000000,600000000000
000935,2,3000,18000,10,3,0,1000,600000000000,-0.35,180000000000,3000000000,35000,4000000000,600000000000
000935,2,7000,15000,10,3,0,4000,600000000000,-0.35,180000000000,3000000000,33000,4000000000,600000000000
000935,2,10000,13000,10,3,0,8000,600000000000,-0.35,180000000000,3000000000,30000,4000000000,600000000000
688339,1,3000,18000,10,3,0,1000,600000000000,-0.35,180000000000,3000000000,35000,4000000000,600000000000
688339,1,7000,15000,10,3,0,4000,600000000000,-0.35,180000000000,3000000000,33000,4000000000,600000000000
688339,1,10000,13000,10,3,0,8000,600000000000,-0.35,180000000000,3000000000,30000,4000000000,600000000000
002338,2,3000,18000,10,3,0,1000,600000000000,-0.35,180000000000,3000000000,35000,4000000000,600000000000
002338,2,7000,15000,10,3,0,4000,600000000000,-0.35,180000000000,3000000000,33000,4000000000,600000000000
002338,2,10000,13000,10,3,0,8000,600000000000,-0.35,180000000000,3000000000,30000,4000000000,600000000000
300260,2,3000,18000,10,3,0,1000,600000000000,-0.35,180000000000,3000000000,35000,4000000000,600000000000
300260,2,7000,15000,10,3,0,4000,600000000000,-0.35,180000000000,3000000000,33000,4000000000,600000000000
300260,2,10000,13000,10,3,0,8000,600000000000,-0.35,180000000000,3000000000,30000,4000000000,600000000000
000801,2,3000,18000,10,3,0,1000,600000000000,-0.35,180000000000,3000000000,35000,4000000000,600000000000
000801,2,7000,15000,10,3,0,4000,600000000000,-0.35,180000000000,3000000000,33000,4000000000,600000000000
000801,2,10000,13000,10,3,0,8000,600000000000,-0.35,180000000000,3000000000,30000,4000000000,600000000000
600996,1,3000,18000,10,3,0,1000,600000000000,-0.35,180000000000,3000000000,35000,4000000000,600000000000
600996,1,7000,15000,10,3,0,4000,600000000000,-0.35,180000000000,3000000000,33000,4000000000,600000000000
600996,1,10000,13000,10,3,0,8000,600000000000,-0.35,180000000000,3000000000,30000,4000000000,600000000000
300228,2,3000,18000,10,3,0,1000,600000000000,-0.35,180000000000,3000000000,35000,4000000000,600000000000
300228,2,7000,15000,10,3,0,4000,600000000000,-0.35,180000000000,3000000000,33000,4000000000,600000000000
300228,2,10000,13000,10,3,0,8000,600000000000,-0.35,180000000000,3000000000,30000,4000000000,600000000000
600353,1,3000,18000,10,3,0,1000,600000000000,-0.35,180000000000,3000000000,35000,4000000000,600000000000
600353,1,7000,15000,10,3,0,4000,600000000000,-0.35,180000000000,3000000000,33000,4000000000,600000000000
600353,1,10000,13000,10,3,0,8000,600000000000,-0.35,180000000000,3000000000,30000,4000000000,600000000000
000977,2,10000,55000,10,3,0,7000,600000000000,-0.35,180000000000,3000000000,80000,4000000000,600000000000
000977,2,20000,50000,10,3,0,14000,600000000000,-0.35,180000000000,3000000000,70000,4000000000,600000000000
000977,2,30000,45000,10,3,0,20000,600000000000,-0.35,180000000000,3000000000,65000,4000000000,600000000000
000550,2,3000,18000,10,3,0,1000,600000000000,-0.35,180000000000,3000000000,35000,4000000000,600000000000
000550,2,7000,15000,10,3,0,4000,600000000000,-0.35,180000000000,3000000000,33000,4000000000,600000000000
000550,2,10000,13000,10,3,0,8000,600000000000,-0.35,180000000000,3000000000,30000,4000000000,600000000000
000980,2,3000,18000,10,3,0,1000,600000000000,-0.35,180000000000,3000000000,35000,4000000000,600000000000
000980,2,7000,15000,10,3,0,4000,600000000000,-0.35,180000000000,3000000000,33000,4000000000,600000000000
000980,2,10000,13000,10,3,0,8000,600000000000,-0.35,180000000000,3000000000,30000,4000000000,600000000000
002085,2,3000,18000,10,3,0,1000,600000000000,-0.35,180000000000,3000000000,35000,4000000000,600000000000
002085,2,7000,15000,10,3,0,4000,600000000000,-0.35,180000000000,3000000000,33000,4000000000,600000000000
002085,2,10000,13000,10,3,0,8000,600000000000,-0.35,180000000000,3000000000,30000,4000000000,600000000000
002115,2,3000,18000,10,3,0,1000,600000000000,-0.35,180000000000,3000000000,35000,4000000000,600000000000
002115,2,7000,15000,10,3,0,4000,600000000000,-0.35,180000000000,3000000000,33000,4000000000,600000000000
002115,2,10000,13000,10,3,0,8000,600000000000,-0.35,180000000000,3000000000,30000,4000000000,600000000000
002180,2,10000,55000,10,3,0,7000,600000000000,-0.35,180000000000,3000000000,80000,4000000000,600000000000
002180,2,20000,50000,10,3,0,14000,600000000000,-0.35,180000000000,3000000000,70000,4000000000,600000000000
002180,2,30000,45000,10,3,0,20000,600000000000,-0.35,180000000000,3000000000,65000,4000000000,600000000000
002280,2,3000,18000,10,3,0,1000,600000000000,-0.35,180000000000,3000000000,35000,4000000000,600000000000
002280,2,7000,15000,10,3,0,4000,600000000000,-0.35,180000000000,3000000000,33000,4000000000,600000000000
002280,2,10000,13000,10,3,0,8000,600000000000,-0.35,180000000000,3000000000,30000,4000000000,600000000000
002387,2,3000,18000,10,3,0,1000,600000000000,-0.35,180000000000,3000000000,35000,4000000000,600000000000
002387,2,7000,15000,10,3,0,4000,600000000000,-0.35,180000000000,3000000000,33000,4000000000,600000000000
002387,2,10000,13000,10,3,0,8000,600000000000,-0.35,180000000000,3000000000,30000,4000000000,600000000000
002409,2,10000,55000,10,3,0,7000,600000000000,-0.35,180000000000,3000000000,80000,4000000000,600000000000
002409,2,20000,50000,10,3,0,14000,600000000000,-0.35,180000000000,3000000000,70000,4000000000,600000000000
002409,2,30000,45000,10,3,0,20000,600000000000,-0.35,180000000000,3000000000,65000,4000000000,600000000000
300766,2,3000,18000,10,3,0,1000,600000000000,-0.35,180000000000,3000000000,35000,4000000000,600000000000
300766,2,7000,15000,10,3,0,4000,600000000000,-0.35,180000000000,3000000000,33000,4000000000,600000000000
300766,2,10000,13000,10,3,0,8000,600000000000,-0.35,180000000000,3000000000,30000,4000000000,600000000000
603728,1,3000,18000,10,3,0,1000,600000000000,-0.35,180000000000,3000000000,35000,4000000000,600000000000
603728,1,7000,15000,10,3,0,4000,600000000000,-0.35,180000000000,3000000000,33000,4000000000,600000000000
603728,1,10000,13000,10,3,0,8000,600000000000,-0.35,180000000000,3000000000,30000,4000000000,600000000000
603927,1,10000,55000,10,3,0,7000,600000000000,-0.35,180000000000,3000000000,80000,4000000000,600000000000
603927,1,20000,50000,10,3,0,14000,600000000000,-0.35,180000000000,3000000000,70000,4000000000,600000000000
603927,1,30000,45000,10,3,0,20000,600000000000,-0.35,180000000000,3000000000,65000,4000000000,600000000000
